   1.0000000000000000E-002   4.7202175717471031E-018   1.5685718451672573E-013
   2.0000000000000000E-002   2.9501359823419393E-020   9.8035740322953570E-016
   2.9999999999999999E-002   3.6876699779274247E-022   1.2254467540369193E-017
   4.0000000000000001E-002   6.9143812086139203E-024   2.2977126638192236E-019
   5.0000000000000003E-002   1.7285953021534797E-025   5.7442816595480591E-021
   5.9999999999999998E-002   5.4018603192296240E-027   1.7950880186087685E-022
   7.0000000000000007E-002   2.0256976197111096E-028   6.7315800697828814E-024
   8.0000000000000002E-002   8.8624270862361065E-030   2.9450662805300106E-025
   8.9999999999999997E-002   4.4312135431180529E-031   1.4725331402650052E-026
  0.10000000000000001        2.4925576180039044E-032   8.2829989139906557E-028
  0.11000000000000000        1.5578485112524403E-033   5.1768743212441598E-029
  0.12000000000000000        1.0710208514860522E-034   3.5591010958553594E-030
  0.13000000000000000        8.0326563861453916E-036   2.6693258218915195E-031
  0.14000000000000001        6.5265333137431304E-037   2.1688272302868595E-032
  0.14999999999999999        5.7107166495252399E-038   1.8977238265010025E-033
  0.16000000000000000        5.3537968589299124E-039   1.7791160873446893E-034
  0.17000000000000001        5.3537968589299113E-040   1.7791160873446894E-035
  0.17999999999999999        5.6884091626130317E-041   1.8903108428037319E-036
  0.19000000000000000        6.3994603079396616E-042   2.1265996981541985E-037
  0.20000000000000001        7.5993591156783464E-043   2.5253371415581101E-038
  0.20999999999999999        9.4991988945979330E-044   3.1566714269476376E-039
  0.22000000000000000        1.2467698549159785E-044   4.1431312478687744E-040
  0.23000000000000001        1.7143085505094702E-045   5.6968054658195640E-041
  0.23999999999999999        2.4643185413573631E-046   8.1891578571156209E-042
  0.25000000000000000        3.6964778120360447E-047   1.2283736785673432E-042
  0.26000000000000001        5.7757465813063204E-048   1.9193338727614741E-043
  0.27000000000000002        9.3855881946227709E-049   3.1189175432373961E-044
  0.28000000000000003        1.5838180078425925E-049   5.2631733542131051E-045
  0.28999999999999998        2.7716815137245372E-050   9.2105533698729325E-046
  0.29999999999999999        5.0236727436257219E-051   1.6694127982894688E-046
  0.31000000000000000        9.4193863942982282E-052   3.1301489967927534E-047
  0.32000000000000001        1.8250061138952817E-052   6.0646636812859604E-048
  0.33000000000000002        3.6500122277905627E-053   1.2129327362571919E-048
  0.34000000000000002        7.5281502198180352E-054   2.5016737685304579E-049
  0.35000000000000003        1.5997319217113323E-054   5.3160567581272223E-050
  0.35999999999999999        3.4994135787435385E-055   1.1628874158403299E-050
  0.37000000000000000        7.8736805521729612E-056   2.6164966856407413E-051
  0.38000000000000000        1.8207886276899972E-056   6.0506485855442138E-052
  0.39000000000000001        4.3243729907637432E-057   1.4370290390667508E-052
  0.40000000000000002        1.0540659164986627E-057   3.5027582827252049E-053
  0.41000000000000003        2.6351647912466568E-058   8.7568957068130124E-054
  0.41999999999999998        6.7526097775695562E-059   2.2439545248708343E-054
  0.42999999999999999        1.7725600666120083E-059   5.8903806277859394E-055
  0.44000000000000000        4.7637551790197721E-060   1.5830397937174707E-055
  0.45000000000000001        1.3100326742304371E-060   4.3533594327230434E-056
  0.46000000000000002        3.6844668962731049E-061   1.2243823404533564E-056
  0.47000000000000003        1.0592842326785174E-061   3.5200992288033997E-057
  0.47999999999999998        3.1116474334931454E-062   1.0340291484609986E-057
  0.48999999999999999        9.3349423004794352E-063   3.1020874453829946E-058
  0.50000000000000000        2.8588260795218269E-063   9.5001428014854206E-059
  0.51000000000000001        8.9338314985057081E-064   2.9687946254641944E-059
  0.52000000000000002        2.8476587901486948E-064   9.4630328686671178E-060
  0.53000000000000003        9.2548910679832564E-065   3.0754856823168133E-060
  0.54000000000000004        3.0656826662694544E-065   1.0187546322674443E-060
  0.55000000000000004        1.0346678998659405E-065   3.4382968839026257E-061
  0.56000000000000005        3.5566709057891723E-066   1.1819145538415276E-061
  0.57000000000000006        1.2448348170262099E-066   4.1367009384453464E-062
  0.57999999999999996        4.4347240356558741E-067   1.4736997093211546E-062
  0.58999999999999997        1.6075874629252540E-067   5.3421614462891843E-063
  0.59999999999999998        5.9279787695368743E-068   1.9699220333191370E-063
  0.60999999999999999        2.2229920385763272E-068   7.3872076249467596E-064
  0.62000000000000000        8.4751571470722468E-069   2.8163729070109521E-064
  0.63000000000000000        3.2841233944904955E-069   1.0913445014667439E-064
  0.64000000000000001        1.2931235865806328E-069   4.2971689745253033E-065
  0.65000000000000002        5.1724943463225308E-070   1.7188675898101215E-065
  0.66000000000000003        2.1013258281935287E-070   6.9828995836036193E-066
  0.67000000000000004        8.6679690412983022E-071   2.8804460782364922E-066
  0.68000000000000005        3.6297120360436633E-071   1.2061867952615311E-066
  0.69000000000000006        1.5426276153185573E-071   5.1262938798615079E-067
  0.70000000000000007        6.6525815910612770E-072   2.2107142356902755E-067
  0.70999999999999996        2.9105044460893094E-072   9.6718747811449532E-068
  0.71999999999999997        1.2915363479521308E-072   4.2918944341330728E-068
  0.72999999999999998        5.8119135657845873E-073   1.9313524953598831E-068
  0.73999999999999999        2.6516855643892181E-073   8.8117957600794668E-069
  0.75000000000000000        1.2264045735300133E-073   4.0754555390367517E-069
  0.76000000000000001        5.7487714384219378E-074   1.9103697839234775E-069
  0.77000000000000002        2.7306664332504202E-074   9.0742564736365179E-070
  0.78000000000000003        1.3141332210017645E-074   4.3669859279375737E-070
  0.79000000000000004        6.4063994523836031E-075   2.1289056398695674E-070
  0.80000000000000004        3.1631597296144038E-075   1.0511471596855990E-070
  0.81000000000000005        1.5815798648072019E-075   5.2557357984279948E-071
  0.82000000000000006        8.0067480655864613E-076   2.6607162479541712E-071
  0.83000000000000007        4.1034583836130603E-076   1.3636170770765129E-071
  0.83999999999999997        2.1286690364992751E-076   7.0737635873344116E-072
  0.84999999999999998        1.1175512441621192E-076   3.7137258833505650E-072
  0.85999999999999999        5.9369909846112588E-077   1.9729168755299876E-072
  0.87000000000000000        3.1911326542285514E-077   1.0604428205973686E-072
  0.88000000000000000        1.7351783807367745E-077   5.7661578369981903E-073
  0.89000000000000001        9.5434810940522591E-078   3.1713868103490046E-073
  0.90000000000000002        5.3085613585665685E-078   1.7640839132566339E-073
  0.91000000000000003        2.9860657641936947E-078   9.9229720120685633E-074
  0.92000000000000004        1.6983249033851642E-078   5.6436903318639969E-074
  0.93000000000000005        9.7653681944646945E-079   3.2451219408217972E-074
  0.94000000000000006        5.6761202630326021E-079   1.8862271281026699E-074
  0.95000000000000007        3.3347206545316538E-079   1.1081584377603189E-074
  0.95999999999999996        1.9799903886281693E-079   6.5796907242018906E-075
  0.96999999999999997        1.1879942331769018E-079   3.9478144345211348E-075
  0.97999999999999998        7.2022150386349653E-080   2.3933625009284380E-075
  0.98999999999999999        4.4113567111639175E-080   1.4659345318186682E-075
   1.0000000000000000        2.7295269650326734E-080   9.0704699156280078E-076
   1.0100000000000000        1.7059543531454208E-080   5.6690436972675041E-076
   1.0200000000000000        1.0768836854230467E-080   3.5785838339001124E-076
   1.0300000000000000        6.8651334945719216E-081   2.2813471941113216E-076
   1.0400000000000000        4.4194296871306743E-081   1.4686172562091632E-076
   1.0500000000000000        2.8726292966349394E-081   9.5460121653595604E-077
   1.0600000000000001        1.8851629759166787E-081   6.2645704835172112E-077
   1.0700000000000001        1.2489204715447997E-081   4.1502779453301526E-077
   1.0800000000000001        8.3521556534558475E-082   2.7754983759395388E-077
   1.0900000000000001        5.6377050660826977E-082   1.8734614037591895E-077
   1.1000000000000001        3.8406865762688375E-082   1.2762955813109476E-077
   1.1100000000000001        2.6404720211848261E-082   8.7745321215127658E-078
   1.1200000000000001        1.8318274646969725E-082   6.0873316592994809E-078
   1.1300000000000001        1.2822792252878812E-082   4.2611321615096375E-078
   1.1400000000000001        9.0560970285956605E-083   3.0094245890661814E-078
   1.1500000000000001        6.4524691328744103E-083   2.1442150197096542E-078
   1.1599999999999999        4.6377121892534808E-083   1.5411545454163139E-078
   1.1699999999999999        3.3623413372087734E-083   1.1173370454268272E-078
   1.1799999999999999        2.4587121028339154E-083   8.1705271446836758E-079
   1.1899999999999999        1.8133001758400118E-083   6.0257637692042097E-079
   1.2000000000000000        1.3486420057810091E-083   4.4816618033456308E-079
   1.2100000000000000        1.0114815043357566E-083   3.3612463525092231E-079
   1.2200000000000000        7.6493288765391591E-084   2.5419425540850997E-079
   1.2300000000000000        5.8326132683611091E-084   1.9382311974898882E-079
   1.2400000000000000        4.4838214500526024E-084   1.4900152330703512E-079
   1.2500000000000000        3.4749616237907669E-084   1.1547618056295222E-079
   1.2600000000000000        2.7148137685865356E-084   9.0215766064806437E-080
   1.2700000000000000        2.1379158427618975E-084   7.1044915776035064E-080
   1.2800000000000000        1.6969707001922557E-084   5.6391901897227829E-080
   1.2900000000000000        1.3575765601538045E-084   4.5113521517782265E-080
   1.3000000000000000        1.0945461016240047E-084   3.6372776723711943E-080
   1.3100000000000001        8.8931870756950409E-085   2.9552881088015963E-080
   1.3200000000000001        7.2812969182253132E-085   2.4196421390813069E-080
   1.3300000000000001        6.0070699575358833E-085   1.9962047647420780E-080
   1.3400000000000001        4.9933769022017015E-085   1.6593452106918525E-080
   1.3500000000000001        4.1819531555939261E-085   1.3897016139544262E-080
   1.3600000000000001        3.5285229750323754E-085   1.1725607367740472E-080
   1.3700000000000001        2.9992445287775183E-085   9.9667662625794002E-081
   1.3800000000000001        2.5681031277657501E-085   8.5340436123336119E-081
   1.3900000000000001        2.2149889476979596E-085   7.3606126156377413E-081
   1.4000000000000001        1.9242716483126027E-085   6.3945322098352862E-081
   1.4099999999999999        1.6837376922735274E-085   5.5952156836058761E-081
   1.4199999999999999        1.4837938413160458E-085   4.9307838211776784E-081
   1.4299999999999999        1.3168670341679908E-085   4.3760706412951886E-081
   1.4399999999999999        1.1769499117876418E-085   3.9111131356575741E-081
   1.4500000000000000        1.0592549206088776E-085   3.5200018220918161E-081
   1.4600000000000000        9.5994977180179491E-086   3.1900016512707088E-081
   1.4700000000000000        8.7595416676913779E-086   2.9108765067845215E-081
   1.4800000000000000        8.0478289071914534E-086   2.6743677906082790E-081
   1.4900000000000000        7.4442417391520949E-086   2.4737902063126575E-081
   1.5000000000000000        6.9324501195853871E-086   2.3037171296286621E-081
   1.5100000000000000        6.4991719871112994E-086   2.1597348090268705E-081
   1.5200000000000000        6.1335935628362888E-086   2.0382497260191094E-081
   1.5300000000000000        5.8269138846944757E-086   1.9363372397181535E-081
   1.5400000000000000        5.5719864022390911E-086   1.8516224854804843E-081
   1.5500000000000000        5.3630369121551252E-086   1.7821866422749660E-081
   1.5600000000000001        5.1954420086502781E-086   1.7264933097038735E-081
   1.5700000000000001        5.0655559584340203E-086   1.6833309769612764E-081
   1.5800000000000001        4.9705767842133829E-086   1.6517685211432523E-081
   1.5900000000000001        4.9084445744107175E-086   1.6311214146289618E-081
   1.6000000000000001        4.8777667958206486E-086   1.6209269057875309E-081
   1.6100000000000001        4.8777667958206486E-086   1.6209269057875309E-081
   1.6200000000000001        4.9082528382945270E-086   1.6310576989487036E-081
   1.6300000000000001        4.9696059987732095E-086   1.6514459201855620E-081
   1.6400000000000001        5.0627861112502075E-086   1.6824105311890415E-081
   1.6500000000000001        5.1893557640314626E-086   1.7244707944687672E-081
   1.6600000000000001        5.3515231316574456E-086   1.7783605067959162E-081
   1.6699999999999999        5.5522052490946010E-086   1.8450490258007632E-081
   1.6799999999999999        5.7951142287424899E-086   1.9257699206795467E-081
   1.6899999999999999        6.0848699401796141E-086   2.0220584167135233E-081
   1.7000000000000000        6.4271438743147160E-086   2.1357992026536594E-081
   1.7100000000000000        6.8288403664593876E-086   2.2692866528195130E-081
   1.7200000000000000        7.2983231416534702E-086   2.4253001102008541E-081
   1.7300000000000000        7.8456973772774771E-086   2.6071976184659175E-081
   1.7400000000000000        8.4831602891812724E-086   2.8190324249662736E-081
   1.7500000000000000        9.2254368144846342E-086   3.0656977621508222E-081
   1.7600000000000000        1.0090321515842566E-085   3.3531069273524621E-081
   1.7700000000000000        1.1099353667426820E-085   3.6884176200877081E-081
   1.7800000000000000        1.2278659994590921E-085   4.0803119922220256E-081
   1.7900000000000000        1.3660009243982401E-085   4.5393470913470041E-081
   1.8000000000000000        1.5282135341705309E-085   5.0783945584444614E-081
   1.8100000000000001        1.7192402259418472E-085   5.7131938782500186E-081
   1.8200000000000001        1.9448905055967146E-085   6.4630505747703331E-081
   1.8300000000000001        2.2123129501162626E-085   7.3517200288012539E-081
   1.8400000000000001        2.5303329366954757E-085   8.4085297829414316E-081
   1.8500000000000001        2.9098828771997972E-085   9.6698092503826509E-081
   1.8600000000000001        3.3645520767622658E-085   1.1180716945754938E-080
   1.8700000000000001        3.9112917892361340E-085   1.2997583449440120E-080
   1.8800000000000001        4.5713222786697304E-085   1.5190925656533133E-080
   1.8900000000000001        5.3713036774369346E-085   1.7849337646426434E-080
   1.9000000000000001        6.3448524689723762E-085   2.1084530094841226E-080
   1.9100000000000001        7.5345123069046985E-085   2.5037879487623952E-080
   1.9199999999999999        8.9943240663674833E-085   2.9888968638351093E-080
   1.9299999999999999        1.0793188879640981E-084   3.5866762366021302E-080
   1.9399999999999999        1.3019284086066932E-084   4.3264282104013201E-080
   1.9500000000000000        1.5785881954356153E-084   5.2457942051115999E-080
   1.9600000000000000        1.9239043631871562E-084   6.3933116874797624E-080
   1.9700000000000000        2.3567828449042657E-084   7.8318068171627084E-080
   1.9800000000000000        2.9017888777883782E-084   9.6429121436315839E-080
   1.9900000000000000        3.5909637362631165E-084   1.1933103777744086E-079
   2.0000000000000000        4.4662611469772499E-084   1.4841797823569205E-079
   2.0100000000000002        5.5828264337215628E-084   1.8552247279461508E-079
   2.0200000000000000        7.0134257073627148E-084   2.3306260644823514E-079
   2.0300000000000002        8.8544499555454257E-084   2.9424154064089690E-079
   2.0400000000000000        1.1234083381098261E-083   3.7331895468813792E-079
   2.0499999999999998        1.4323456310900277E-083   4.7598166722737577E-079
   2.0600000000000001        1.8351928398340976E-083   6.0985151113507507E-079
   2.0699999999999998        2.3628107812864002E-083   7.8518382058640911E-079
   2.0800000000000001        3.0568864482892806E-083   1.0158315678836665E-078
   2.0899999999999999        3.9739523827760647E-083   1.3205810382487667E-078
   2.1000000000000001        5.1909753000012323E-083   1.7250089812124515E-078
   2.1099999999999999        6.8131550812516197E-083   2.2640742878413425E-078
   2.1200000000000001        8.9848482634005739E-083   2.9857479670907702E-078
   2.1299999999999999        1.1904923949005760E-082   3.9561160563952696E-078
   2.1400000000000001        1.5848430007113914E-082   5.2665795000762031E-078
   2.1499999999999999        2.1197275134514857E-082   7.0440500813519220E-078
   2.1600000000000001        2.8483838462004333E-082   9.4654422968166440E-078
   2.1699999999999999        3.8453181923705860E-082   1.2778347100702468E-077
   2.1800000000000002        5.2152127984026073E-082   1.7330633255327727E-077
   2.1899999999999999        7.1057274378235512E-082   2.3612987810384027E-077
   2.2000000000000002        9.7259644305209846E-082   3.2320277065463132E-077
   2.2100000000000000        1.3373201091966356E-081   4.4440380965011810E-077
   2.2200000000000002        1.8471734008278524E-081   6.1383276207922548E-077
   2.2300000000000000        2.5629530936486460E-081   8.5169295738492547E-077
   2.2400000000000002        3.5721158742727998E-081   1.1870470593552396E-076
   2.2500000000000000        5.0009622239819192E-081   1.6618658830973355E-076
   2.2600000000000002        7.0326031274745752E-081   2.3369988981056287E-076
   2.2700000000000000        9.9335519175578366E-081   3.3010109435741994E-076
   2.2800000000000002        1.4093226783035178E-080   4.6833092761958955E-076
   2.2900000000000000        2.0082848165825129E-080   6.6737157185791499E-076
   2.3000000000000003        2.8743576437337208E-080   9.5517556222164093E-076
   2.3100000000000001        4.1318891128672241E-080   1.3730648706936091E-075
   2.3199999999999998        5.9654149067020533E-080   1.9823624070638978E-075
   2.3300000000000001        8.6498516147179766E-080   2.8744254902426508E-075
   2.3399999999999999        1.2596346413933056E-079   4.1858821201658604E-075
   2.3500000000000001        1.8422156630377093E-079   6.1218526007425700E-075
   2.3599999999999999        2.7057542550866359E-079   8.9914710073406529E-075
   2.3700000000000001        3.9909875262527865E-079   1.3262419735827459E-074
   2.3799999999999999        5.9116502732619403E-079   1.9644959233694419E-074
   2.3900000000000001        8.7935797814771336E-079   2.9221876860120452E-074
   2.3999999999999999        1.3135409798581474E-078   4.3650178559804926E-074
   2.4100000000000001        1.9703114697872204E-078   6.5475267839707374E-074
   2.4199999999999999        2.9677816513670014E-078   9.8622122183559236E-074
   2.4300000000000002        4.4887697476925890E-078   1.4916595980263334E-073
   2.4399999999999999        6.8173190543081208E-078   2.2654580145024943E-073
   2.4500000000000002        1.0396411557819883E-077   3.4548234721163027E-073
   2.4600000000000000        1.5919505197911699E-077   5.2901984416780903E-073
   2.4700000000000002        2.4476239241789230E-077   8.1336801040800636E-073
   2.4800000000000000        3.7785194329512116E-077   1.2556368660673594E-072
   2.4900000000000002        5.8567051210743785E-077   1.9462371424044073E-072
   2.5000000000000000        9.1144973446719989E-077   3.0288315528668593E-072
   2.5100000000000002        1.4241402101050003E-076   4.7325493013544676E-072
   2.5200000000000000        2.2341199546022198E-076   7.4241867164998228E-072
   2.5300000000000002        3.5187389284984955E-076   1.1693094078487220E-071
   2.5400000000000000        5.5640059306882462E-076   1.8489705011607915E-071
   2.5500000000000003        8.8328594149675926E-076   2.9352406705927567E-071
   2.5600000000000001        1.4077369692604597E-075   4.6780398187572056E-071
   2.5699999999999998        2.2523791508167348E-075   7.4848637100115283E-071
   2.5800000000000001        3.6178840109993807E-075   1.2022562334206017E-070
   2.5899999999999999        5.8338379677365003E-075   1.9386381763907203E-070
   2.6000000000000001        9.4435252102734587E-075   3.1381705480324790E-070
   2.6099999999999999        1.5345728466694371E-074   5.0995271405527773E-070
   2.6200000000000001        2.5032719561295186E-074   8.3186036480267152E-070
   2.6299999999999999        4.0991078281620875E-074   1.3621713473643749E-069
   2.6400000000000001        6.7379084925414290E-074   2.2390691522301910E-069
   2.6499999999999999        1.1117549012693357E-073   3.6944641011798155E-069
   2.6600000000000001        1.8413440552273373E-073   6.1189561675790656E-069
   2.6699999999999999        3.0612344918154481E-073   1.0172764628600201E-068
   2.6800000000000002        5.1084350582170302E-073   1.6975800973976580E-068
   2.6899999999999999        8.5566287225135236E-073   2.8434466631410769E-068
   2.7000000000000002        1.4385832039725863E-072   4.7805447024059357E-068
   2.7100000000000000        2.4276091567037397E-072   8.0671691853100166E-068
   2.7200000000000002        4.1117630091669585E-072   1.3663767807618838E-067
   2.7300000000000000        6.9899971155838274E-072   2.3228405272952028E-067
   2.7400000000000002        1.1926682578464904E-071   3.9633466496974396E-067
   2.7500000000000000        2.0424443915621151E-071   6.7872311376068644E-067
   2.7600000000000002        3.5104512979973856E-071   1.1665553517761801E-066
   2.7700000000000000        6.0555284890454885E-071   2.0123079818139104E-066
   2.7800000000000002        1.0483633696660001E-070   3.4838081935153324E-066
   2.7900000000000000        1.8215313547946758E-070   6.0531167362328903E-066
   2.8000000000000003        3.1762952999232159E-070   1.0555122308806103E-065
   2.8100000000000001        5.5585167748656264E-070   1.8471464040410680E-065
   2.8199999999999998        9.7621450858577590E-070   3.2440508720971258E-065
   2.8300000000000001        1.7205780713824291E-069   5.7176396620711831E-065
   2.8399999999999999        3.0432724637576726E-069   1.0113075152288407E-064
   2.8500000000000001        5.4018086231698689E-069   1.7950708395311920E-064
   2.8599999999999999        9.6219716100213259E-069   3.1974699329149362E-064
   2.8700000000000001        1.7199274252913119E-068   5.7154775050854471E-064
   2.8799999999999999        3.0851198191162913E-068   1.0252137774747020E-063
   2.8900000000000001        5.5532156744093234E-068   1.8453847994544635E-063
   2.8999999999999999        1.0030495811901837E-067   3.3332262940146248E-063
   2.9100000000000001        1.8180273659072088E-067   6.0414726579015078E-063
   2.9199999999999999        3.3065372717437363E-067   1.0987928396558368E-062
   2.9300000000000002        6.0344305209323174E-067   2.0052969323719012E-062
   2.9399999999999999        1.1050550891457308E-066   3.6722000074060449E-062
   2.9500000000000002        2.0305387263052798E-066   6.7476675136086077E-062
   2.9600000000000000        3.7438057766253599E-066   1.2441011978215871E-061
   2.9700000000000002        6.9260406867569155E-066   2.3015872159699362E-061
   2.9800000000000000        1.2856463024792526E-065   4.2723212696441949E-061
   2.9900000000000002        2.3945162383676078E-065   7.9571983647123081E-061
   3.0000000000000000        4.4747522204494662E-065   1.4870014444056126E-060
   3.0100000000000002        8.3901604133427500E-065   2.7881277082605242E-060
   3.0200000000000000        1.5783989277601046E-064   5.2451652511651115E-060
   3.0300000000000002        2.9792279761471976E-064   9.9002494115741474E-060
   3.0400000000000000        5.6419129798287545E-064   1.8748597323168541E-059
   3.0500000000000003        1.0719634661674634E-063   3.5622334914020230E-059
   3.0600000000000001        2.0434303573817274E-063   6.7905075929851074E-059
   3.0700000000000003        3.9080605584925538E-063   1.2986845771584014E-058
   3.0800000000000001        7.4985911966075883E-063   2.4918510324226835E-058
   3.0899999999999999        1.4434788053469609E-062   4.7968132374136646E-058
   3.1000000000000001        2.7877184428263179E-062   9.2638455647551410E-058
   3.1099999999999999        5.4012044829759907E-062   1.7948700781713084E-057
   3.1200000000000001        1.0498591213784581E-061   3.4887787144454803E-057
   3.1299999999999999        2.0472252866879930E-061   6.8031184931686850E-057
   3.1400000000000001        4.0048844670833854E-061   1.3308600552261240E-056
   3.1499999999999999        7.8595857666511450E-061   2.6118128583812686E-056
   3.1600000000000001        1.5473559478094439E-060   5.1420065649381205E-056
   3.1699999999999999        3.0560279969236516E-060   1.0155462965752791E-055
   3.1800000000000002        6.0547554689049838E-060   2.0120511000897714E-055
   3.1899999999999999        1.2033826494448658E-059   3.9989515614284202E-055
   3.2000000000000002        2.3992441573307007E-059   7.9729096755979123E-055
   3.2100000000000000        4.7984883146614015E-059   1.5945819351195825E-054
   3.2200000000000002        9.6269671812894371E-059   3.1991300073336621E-054
   3.2300000000000000        1.9374271452344992E-058   6.4382491397589942E-054
   3.2400000000000002        3.9111810494421444E-058   1.2997215450888469E-053
   3.2500000000000000        7.9201416251203425E-058   2.6319361288049150E-053
   3.2600000000000002        1.6087787676025695E-057   5.3461202616349842E-053
   3.2700000000000000        3.2778867389902357E-057   1.0892720033081283E-052
   3.2800000000000002        6.6991810228112932E-057   2.2261996567609866E-052
   3.2900000000000000        1.3733321096763149E-056   4.5637092963600225E-052
   3.3000000000000003        2.8239141505219238E-056   9.3841272406402946E-052
   3.3100000000000001        5.8243229354514654E-056   1.9354762433820606E-051
   3.3200000000000003        1.2049068072715222E-055   4.0040164784966381E-051
   3.3300000000000001        2.5001816250884087E-055   8.3083341928805249E-051
   3.3399999999999999        5.2035030072152501E-055   1.7291720538932592E-050
   3.3500000000000001        1.0862312527561835E-054   3.6096466625021782E-050
   3.3599999999999999        2.2742966854582597E-054   7.5576976996139348E-050
   3.3700000000000001        4.7760230394623432E-054   1.5871165169189263E-049
   3.3799999999999999        1.0059498526867563E-053   3.3428641637604877E-049
   3.3900000000000001        2.1250690638007719E-053   7.0618005459440286E-049
   3.3999999999999999        4.5024900789278858E-053   1.4962189906718912E-048
   3.4100000000000001        9.5677914177217597E-053   3.1794653551777697E-048
   3.4199999999999999        2.0391355459019494E-052   6.7762355382226220E-048
   3.4300000000000002        4.3586522293654170E-052   1.4484203462950851E-047
   3.4399999999999999        9.3438607167021115E-052   3.1050511173700887E-047
   3.4500000000000002        2.0089300540909539E-051   6.6758599023456890E-047
   3.4600000000000000        4.3317554291336193E-051   1.4394822914432889E-046
   3.4700000000000002        9.3674211155014498E-051   3.1128804552461120E-046
   3.4800000000000000        2.0315594544243775E-050   6.7510594873150046E-046
   3.4900000000000002        4.4186418133730208E-050   1.4683554384910136E-045
   3.5000000000000000        9.6381624554199018E-050   3.2028503002085231E-045
   3.5100000000000002        2.1083480371231036E-049   7.0062350317061454E-045
   3.5200000000000000        4.6251885064388075E-049   1.5369928100805356E-044
   3.5300000000000002        1.0175414714165377E-048   3.3813841821771772E-044
   3.5400000000000000        2.2449508713127357E-048   7.4601788519283970E-044
   3.5500000000000003        4.9669538027794264E-048   1.6505645709891581E-043
   3.5600000000000001        1.1020428749916856E-047   3.6621901418821941E-043
   3.5700000000000003        2.4520453968565005E-047   8.1483730656878832E-043
   3.5800000000000001        5.4711262917360657E-047   1.8181057402816084E-042
   3.5899999999999999        1.2241645077759446E-046   4.0680115938800999E-042
   3.6000000000000001        2.7467191143222758E-046   9.1276010137684710E-042
   3.6099999999999999        6.1801180072251215E-046   2.0537102280979061E-041
   3.6200000000000001        1.3943891253801679E-045   4.6336837021459004E-041
   3.6299999999999999        3.1548053961726287E-045   1.0483709376105098E-040
   3.6400000000000001        7.1574647425666526E-045   2.3784915647038437E-040
   3.6499999999999999        1.6283232289339136E-044   5.4110683097012431E-040
   3.6600000000000001        3.7146123660054893E-044   1.2343999581505964E-039
   3.6699999999999999        8.4971757872375583E-044   2.8236899042694887E-039
   3.6800000000000002        1.9490396961976149E-043   6.4768387179181399E-039
   3.6899999999999999        4.4827913012545137E-043   1.4896729051211720E-038
   3.7000000000000002        1.0338437438518222E-042   3.4355581374357031E-038
   3.7100000000000000        2.3907636576573385E-042   7.9447281928200647E-038
   3.7200000000000002        5.5435832311929523E-042   1.8421838497101519E-037
   3.7300000000000000        1.2888831012523614E-041   4.2830774505761035E-037
   3.7400000000000002        3.0047087297945680E-041   9.9849243066555399E-037
   3.7500000000000000        7.0235066558948041E-041   2.3339760566807324E-036
   3.7600000000000002        1.6461343724753446E-040   5.4702563828454684E-036
   3.7700000000000000        3.8684157753170594E-040   1.2855102499686847E-035
   3.7800000000000002        9.1149546705908193E-040   3.0289835264887138E-035
   3.7900000000000000        2.1534080409270816E-039   7.1559735813295849E-035
   3.8000000000000003        5.1008852969460233E-039   1.6950712420774458E-034
   3.8100000000000001        1.2114602580246805E-038   4.0257941999339336E-034
   3.8200000000000003        2.8847897394212709E-038   9.5864224385926773E-034
   3.8300000000000001        6.8874355028682829E-038   2.2887583572140023E-033
   3.8399999999999999        1.6486798734990956E-037   5.4787153175810183E-033
   3.8500000000000001        3.9568316963978288E-037   1.3148916762194442E-032
   3.8599999999999999        9.5211262694572751E-037   3.1639580959030380E-032
   3.8700000000000001        2.2969717125065674E-036   7.6330489063660774E-032
   3.8799999999999999        5.5558003296252600E-036   1.8462437042272947E-031
   3.8900000000000001        1.3472815799341255E-035   4.4771409827511894E-031
   3.8999999999999999        3.2755783412148424E-035   1.0885049014313827E-030
   3.9100000000000001        7.9842222067111785E-035   2.6532306972389958E-030
   3.9199999999999999        1.9511443017650440E-034   6.4838325163777966E-030
   3.9300000000000002        4.7803035393243575E-034   1.5885389665125599E-029
   3.9399999999999999        1.1741620568465455E-033   3.9018488364964744E-029
   3.9500000000000002        2.8913740649846175E-033   9.6083027598725700E-029
   3.9600000000000000        7.1380797229307753E-033   2.3720497438435405E-028
   3.9700000000000002        1.7666747314253663E-032   5.8708231160127614E-028
   3.9800000000000000        4.3835616773491898E-032   1.4566979856606665E-027
   3.9900000000000002        1.0904109672406114E-031   3.6235362393309083E-027
   4.0000000000000000        2.7192123495562746E-031   9.0361934968314514E-027
   4.0099999999999998        6.7980308738906848E-031   2.2590483742078629E-026
   4.0200000000000005        1.7037564877688527E-030   5.6617399878584548E-026
   4.0300000000000002        4.2806881755192426E-030   1.4225121719494373E-025
   4.0400000000000000        1.0781983342089092E-029   3.5829525330976450E-025
   4.0499999999999998        2.7224507938774965E-029   9.0469551460715508E-025
   4.0600000000000005        6.8912035720024100E-029   2.2900105213493615E-024
   4.0700000000000003        1.7486429063956116E-028   5.8109016979240055E-024
   4.0800000000000001        4.4481103931438359E-028   1.4781481194094191E-023
   4.0899999999999999        1.1342681502516784E-027   3.7692777044940177E-023
   4.0999999999999996        2.8994729590808534E-027   9.6352161321128326E-023
   4.1100000000000003        7.4298994576446844E-027   2.4690241338539133E-022
   4.1200000000000001        1.9085554231824788E-026   6.3423057438372403E-022
   4.1299999999999999        4.9145302146948822E-026   1.6331437290380890E-021
   4.1399999999999997        1.2685631116681160E-025   4.2155522505795668E-021
   4.1500000000000004        3.2824070514412491E-025   1.0907741448374628E-020
   4.1600000000000001        8.5137432896757427E-025   2.8291954381721697E-020
   4.1699999999999999        2.2135732553156927E-024   7.3559081392476406E-020
   4.1799999999999997        5.7691252966665237E-024   1.9171335587914160E-019
   4.1900000000000004        1.5071839837541291E-023   5.0085114223425743E-019
   4.2000000000000002        3.9469380574561255E-023   1.3116039287259613E-018
   4.2100000000000000        1.0360712400822328E-022   3.4429603129056485E-018
   4.2199999999999998        2.7261624504663753E-022   9.0592893233329876E-018
   4.2300000000000004        7.1902534631050623E-022   2.3893875590290758E-017
   4.2400000000000002        1.9009232593084015E-021   6.3169433591831184E-017
   4.2500000000000000        5.0374466371672643E-021   1.6739899901835263E-016
   4.2599999999999998        1.3380717629975544E-020   4.4465359114249915E-016
   4.2700000000000005        3.5626160689809881E-020   1.1838901864169040E-015
   4.2800000000000002        9.5077316340930133E-020   3.1595069350001129E-015
   4.2900000000000000        2.5433182121198805E-019   8.4516810511253005E-015
   4.2999999999999998        6.8192719562464306E-019   2.2661069818329718E-014
   4.3100000000000005        1.8326793382412282E-018   6.0901625136761106E-014
   4.3200000000000003        4.9367799673873080E-018   1.6405375271215023E-013
   4.3300000000000001        1.3329305911945733E-017   4.4294513232280571E-013
   4.3399999999999999        3.6072434124203128E-017   1.1987202643485927E-012
   4.3500000000000005        9.7846477561900974E-017   3.2515287170455574E-012
   4.3600000000000003        2.6602011087141827E-016   8.8400936994676086E-012
   4.3700000000000001        7.2490480212461504E-016   2.4089255331049236E-011
   4.3799999999999999        1.9798962408028545E-015   6.5793778622928209E-011
   4.3899999999999997        5.4199659591978132E-015   1.8011046898026597E-010
   4.4000000000000004        1.4871031600548998E-014   4.9417809926460465E-010
   4.4100000000000001        4.0895336901509745E-014   1.3589897729776625E-009
   4.4199999999999999        1.1271777233478625E-013   3.7457155617696829E-009
   4.4299999999999997        3.1138284607484691E-013   1.0347539239388747E-008
   4.4400000000000004        8.6214125506973243E-013   2.8649749269057595E-008
   4.4500000000000002        2.3924419828185073E-012   7.9503054221634831E-008
   4.4600000000000000        6.6539792647139718E-012   2.2111786955392184E-007
   4.4699999999999998        1.8547967200390193E-011   6.1636606138155707E-007
   4.4800000000000004        5.1818383366090118E-011   1.7219726839847248E-006
   4.4900000000000002        1.4509147342505234E-010   4.8215235151572298E-006
   4.5000000000000000        4.0716294729905308E-010   1.3530400364409978E-005
   4.5099999999999998        1.1451457892785868E-009   3.8054251024903058E-005
   4.5200000000000005        3.2278796935290158E-009   1.0726542007644547E-004
   4.5300000000000002        9.1187601342194711E-009   3.0302481171595849E-004
   4.5400000000000000        2.5817489630008875E-008   8.5793899817080733E-004
   4.5499999999999998        7.3257126825150181E-008   2.4344019073096654E-003
   4.5600000000000005        2.0832495440902080E-007   6.9228304239118610E-003
   4.5700000000000003        5.9372612006570934E-007   1.9730066708148804E-002
   4.5800000000000001        1.6958302304376824E-006   5.6354003035150042E-002
   4.5899999999999999        4.8543140346278667E-006  0.16131333368811696     
   4.6000000000000005        1.3925813386838687E-005  0.46276762601778554     
   4.6100000000000003        4.0036713487161226E-005   1.3304569248011335     
   4.6200000000000001        1.1535578073488333E-004   3.8333790145832660     
   4.6299999999999999        3.3308981687197551E-004   11.068881904609180     
   4.6399999999999997        9.6387865757327908E-004   32.030577011462817     
   4.6500000000000004        2.7952481069625085E-003   92.888673333242139     
   4.6600000000000001        8.1236898108597889E-003   269.95770687473492     
   4.6699999999999999        2.3660246574129136E-002   786.25182127266555     
   4.6799999999999997        6.9058344688239418E-002   2294.8725033395926     
   4.6900000000000004       0.20199565821310025        6712.5020722683057     
   4.7000000000000002       0.59209977313715023        19676.021699336474     
   4.7100000000000000        1.7392930835903784        57798.313741800877     
   4.7199999999999998        5.1200440148191753        170143.78607742637     
   4.7300000000000004        15.104129843716569        501924.16892840766     
   4.7400000000000002        44.651583850487100        1483813.3243946051     
   4.7500000000000000        132.28031715706805        4395796.9735190179     
   4.7599999999999998        392.70719156004571        13050022.265134582     
   4.7700000000000005        1168.3038948911360        38823816.238775387     
   4.7800000000000002        3483.0059866441998        115743502.16184913     
   4.7900000000000000        10405.480385099549        345783712.70852429     
   4.7999999999999998        31151.406902891769        1035189989.9211447     
   4.8100000000000005        93454.220708675290        3105569969.7634330     
   4.8200000000000003        280946.75100545509        9336119721.6013203     
   4.8300000000000001        846352.08740393363        28125060661.323978     
   4.8399999999999999        2554925.3638506248        84902526871.371765     
   4.8500000000000005        7728649.2256481387        256830143785.89960     
   4.8600000000000003        23427467.965245921        778516373351.00818     
   4.8700000000000001        71160933.944434494        2364743484053.6870     
   4.8799999999999999        216596092.69337243        7197687979588.4102     
   4.8899999999999997        660618082.71478605        21952948337744.648     
   4.9000000000000004        2019014015.2970645        67093698357232.062     
   4.9100000000000001        6183230421.8472605        205474451219023.19     
   4.9199999999999999        18974788357.043777        630549722178377.38     
   4.9299999999999997        58347474197.909607        1938940395698510.8     
   4.9400000000000004        179783154872.30896        5974360094246036.0     
   4.9500000000000002        555080490668.25403        18445836790984632.     
   4.9600000000000000        1717280268004.9104        57066807572108720.     
   4.9699999999999998        5323568830815.2217        1.7690710347353702E+017
   4.9800000000000004        16536335680719.777        5.4951769016467424E+017
   4.9900000000000002        51469344806240.320        1.7103738106375488E+018
   5.0000000000000000        160520019114461.97        5.3342283219258552E+018
   5.0099999999999998        501625059732693.62        1.6669463506018302E+019
   5.0200000000000005        1570713468287996.8        5.2196257603219792E+019
   5.0300000000000002        4928113506753591.0        1.6376575823010208E+020
   5.0400000000000000        15492756836856602.        5.1483860243588337E+020
   5.0499999999999998        48802184036098296.        1.6217415976730325E+021
   5.0600000000000005        1.5403189336393523E+017   5.1186219176555079E+021
   5.0700000000000003        4.8712586276344518E+017   1.6187641814585547E+022
   5.0800000000000001        1.5435800776316669E+018   5.1294589999967944E+022
   5.0899999999999999        4.9008667464805417E+018   1.6286032324989825E+023
   5.1000000000000005        1.5590882337241223E+019   5.1809940333873864E+023
   5.1100000000000003        4.9695937449956401E+019   1.6514418481422292E+024
   5.1200000000000001        1.5871640023079826E+020   5.2742924025042459E+024
   5.1299999999999999        5.0789248073855435E+020   1.6877735688013586E+025
   5.1399999999999997        1.6284302663679898E+021   5.4114240049693570E+025
   5.1500000000000004        5.2313322307071666E+021   1.7384199615964058E+026
   5.1600000000000001        1.6838350617588695E+022   5.5955392513884301E+026
   5.1699999999999999        5.4303680741723532E+022   1.8045614085727683E+027
   5.1799999999999997        1.7546876839669419E+023   5.8309890514507582E+027
   5.1900000000000004        5.6808013768429713E+023   1.8877827054071828E+028
   5.2000000000000002        1.8427099466134385E+024   6.1234951506645500E+028
   5.2100000000000000        5.9888073264936750E+024   1.9901359239659787E+029
   5.2199999999999998        1.9501053856895031E+025   6.4803801024142170E+029
   5.2300000000000004        6.3622188208120017E+025   2.1142240084126385E+030
   5.2400000000000002        2.0796502770529232E+026   6.9108697274988121E+030
   5.2500000000000000        6.8108546573483245E+026   2.2633098357558612E+031
   5.2599999999999998        2.2348116844424192E+027   7.4264853985739194E+031
   5.2700000000000005        7.3469434126044501E+027   2.4414570747811754E+032
   5.2800000000000002        2.4198994865265918E+028   8.0415492400604973E+032
   5.2900000000000000        7.9856683055377514E+028   2.6537112492199640E+033
   5.2999999999999998        2.6402615835184198E+029   8.7738328177335053E+033
   5.3100000000000005        8.7458664954047630E+029   2.9063321208742232E+034
   5.3200000000000003        2.9025344431624553E+030   9.6453897261513294E+034
   5.3300000000000001        9.6509270235151643E+030   3.2070920839453177E+035
   5.3399999999999999        3.2149650647084883E+031   1.0683625504642835E+036
   5.3500000000000005        1.0729945903464580E+032   3.5656600121745470E+036
   5.3600000000000003        3.5878256614709688E+032   1.1922675665708642E+037
   5.3700000000000001        1.2019215965927745E+033   3.9940963480123943E+037
   5.3799999999999999        4.0339493585645001E+033   1.3405185868016602E+038
   5.3899999999999997        1.3564154718173130E+034   4.5074937481205812E+038
   5.4000000000000004        4.5694246206845711E+034   1.5184619563981207E+039
   5.4100000000000001        1.5421808094810428E+035   5.1248091028436559E+039
   5.4199999999999999        5.2144988620577772E+035   1.7328260778990108E+040
   5.4299999999999997        1.7664114895220719E+036   5.8699483388829004E+040
   5.4400000000000004        5.9947589925655309E+036   1.9921137175083840E+041
   5.4500000000000002        2.0382180574722809E+037   6.7731866395285058E+041
   5.4600000000000000        6.9426802582649551E+037   2.3071166990893972E+042
   5.4699999999999998        2.3691896381329150E+038   7.8730357356425671E+042
   5.4800000000000004        8.0996670753669045E+038   2.6915940921228021E+043
   5.4900000000000002        2.7741359733131650E+039   9.2187097655205967E+043
   5.5000000000000000        9.5187540584307960E+039   3.1631697882942549E+044
   5.5099999999999998        3.2720717075855876E+040   1.0873396147261503E+045
   5.5200000000000005        1.1268196942997865E+041   3.7445257982131788E+045
   5.5300000000000002        3.8875279453342629E+041   1.2918614003835469E+046
   5.5400000000000000        1.3436268461061549E+042   4.4649959650756337E+046
   5.5499999999999998        4.6523079546425604E+042   1.5460048529074384E+047
   5.5600000000000005        1.6137693217666382E+043   5.3627043335226766E+047
   5.5700000000000003        5.6078483931390685E+043   1.8635397558991299E+048
   5.5800000000000001        1.9522322218615384E+044   6.4874477752238467E+048
   5.5899999999999999        6.8084098737421132E+044   2.2624974116093168E+049
   5.6000000000000005        2.3786881996386519E+045   7.9046003318100491E+049
   5.6100000000000003        8.3254086987352801E+045   2.7666101161335176E+050
   5.6200000000000001        2.9190964249940575E+046   9.7004267196931432E+050
   5.6299999999999999        1.0253326192791627E+047   3.4072748852922169E+051
   5.6399999999999997        3.6078891540885537E+047   1.1989348502621987E+052
   5.6500000000000004        1.2717809268162150E+048   4.2262453471742506E+052
   5.6600000000000001        4.4909763978197591E+048   1.4923928882209070E+053
   5.6699999999999999        1.5886829007287401E+049   5.2793398420814586E+053
   5.6799999999999997        5.6298950294574717E+049   1.8708660565376167E+054
   5.6900000000000004        1.9986127354574022E+050   6.6415745007085411E+054
   5.7000000000000002        7.1075665404703868E+050   2.3619099318144739E+055
   5.7100000000000000        2.5320705800425757E+051   8.4143041320890660E+055
   5.7199999999999998        9.0363268825269402E+051   3.0028547871392858E+056
   5.7300000000000004        3.2304868605033813E+052   1.0735205864022944E+057
   5.7400000000000002        1.1569181069177735E+053   3.8445456000532165E+057
   5.7500000000000000        4.1504437085675137E+053   1.3792307340190914E+058
   5.7599999999999998        1.4915657077664499E+054   4.9566104503811104E+058
   5.7700000000000005        5.3696365479592185E+054   1.7843797621371990E+059
   5.7800000000000002        1.9364251801077928E+055   6.4349195172072757E+059
   5.7900000000000000        6.9953359631394030E+055   2.3246146755911284E+060
   5.7999999999999998        2.5314372016610707E+056   8.4121993572953949E+060
   5.8100000000000005        9.1764598560213814E+056   3.0494222670195802E+061
   5.8200000000000003        3.3322019852177649E+057   1.1073214607114852E+062
   5.8300000000000001        1.2120884721229620E+058   4.0278818133380268E+062
   5.8399999999999999        4.4165473702980437E+058   1.4676594357350436E+063
   5.8500000000000005        1.6120397901587858E+059   5.3569569404329096E+063
   5.8600000000000003        5.8940204827680595E+059   1.9586373813457822E+064
   5.8700000000000001        2.1586850018138019E+060   7.1735094091789296E+064
   5.8799999999999999        7.9196756004043848E+060   2.6317812644925191E+065
   5.8899999999999997        2.9104807831486108E+061   9.6717961470100084E+065
   5.9000000000000004        1.0714207382965821E+062   3.5604299566180586E+066
   5.9100000000000001        3.9508639724686483E+062   1.3129085465029092E+067
   5.9199999999999999        1.4593503798306069E+063   4.8495559436451204E+067
   5.9299999999999997        5.3995964053732444E+063   1.7943356991486941E+068
   5.9400000000000004        2.0012254177414589E+064   6.6502566849698481E+068
   5.9500000000000002        7.4295493633651654E+064   2.4689077942950562E+069
   5.9600000000000000        2.7628636695014209E+065   9.1812508600347393E+069
   5.9699999999999998        1.0291667168892792E+066   3.4200159453629403E+070
   5.9800000000000004        3.8400783123931233E+066   1.2760934496135472E+071
   5.9900000000000002        1.4352292692569296E+067   4.7693992679306332E+071
   6.0000000000000000        5.3731395767806302E+067   1.7855438509315306E+072
   6.0099999999999998        2.0149273412927367E+068   6.6957894409932392E+072
   6.0200000000000005        7.5685708257308408E+068   2.5151059087730852E+073
   6.0300000000000002        2.8476747731812285E+069   9.4630859817587340E+073
   6.0400000000000000        1.0732174301426758E+070   3.5664005293753222E+074
   6.0499999999999998        4.0513957987886014E+070   1.3463161998391842E+075
   6.0600000000000005        1.5319340364169396E+071   5.0907581306419145E+075
   6.0700000000000003        5.8022001629291585E+071   1.9281246419806254E+076
   6.0800000000000001        2.2012096868112490E+072   7.3148228605139960E+076
   6.0899999999999999        8.3645968098827476E+072   2.7796326869953189E+077
   6.1000000000000005        3.1837746607616212E+073   1.0579976914875932E+078
   6.1100000000000003        1.2138140894153678E+074   4.0336161987964489E+078
   6.1200000000000001        4.6352525539549372E+074   1.5403371859153941E+079
   6.1299999999999999        1.7729841018877627E+075   5.8917897361263824E+079
   6.1400000000000006        6.7927453403574914E+075   2.2572919426534200E+080
   6.1500000000000004        2.6067160243621880E+076   8.6623578299324999E+080
   6.1600000000000001        1.0019564718642158E+077   3.3295937908803049E+081
   6.1699999999999999        3.8575324166772306E+077   1.2818936094889177E+082
   6.1799999999999997        1.4875609381811569E+078   4.9433022315916381E+082
   6.1900000000000004        5.7457041237247171E+078   1.9093504869522697E+083
   6.2000000000000002        2.2228692828660002E+079   7.3867996963965942E+083
   6.2100000000000000        8.6136184711057523E+079   2.8623848823536806E+084
   6.2199999999999998        3.3431606690979198E+080   1.1109631324635219E+085
   6.2300000000000004        1.2996537101118160E+081   4.3188691774519425E+085
   6.2400000000000002        5.0605266337478830E+081   1.6816596859703500E+086
   6.2500000000000000        1.9736053871616745E+082   6.5584727752843661E+086
   6.2599999999999998        7.7093960436002907E+082   2.5619034278454551E+087
   6.2700000000000005        3.0163012020586136E+083   1.0023447161445342E+088
   6.2800000000000002        1.1820130335567191E+084   3.9279383563913924E+088
   6.2900000000000000        4.6394011567101224E+084   1.5417158048836218E+089
   6.2999999999999998        1.8238645797316667E+085   6.0608702579487376E+089
   6.3100000000000005        7.1814667826934384E+085   2.3864676640673156E+090
   6.3200000000000003        2.8321909624247246E+086   9.4116318501654747E+090
   6.3300000000000001        1.1187154301577663E+087   3.7175945808153636E+091
   6.3399999999999999        4.4259179205616631E+087   1.4707733560350778E+092
   6.3500000000000005        1.7537699760225591E+088   5.8279394232889961E+092
   6.3600000000000003        6.9602745923395323E+088   2.3129634586178196E+093
   6.3700000000000001        2.7667091504549635E+089   9.1940297480058335E+093
   6.3799999999999999        1.1014960805248824E+090   3.6603730934248221E+094
   6.3900000000000006        4.3922156210929667E+090   1.4595737710031478E+095
   6.4000000000000004        1.7541411136740042E+091   5.8291727479438230E+095
   6.4100000000000001        7.0165644546960166E+091   2.3316690991775292E+096
   6.4199999999999999        2.8110111346625917E+092   9.3412493285799751E+096
   6.4299999999999997        1.1279182177833647E+093   3.7481762930927140E+097
   6.4400000000000004        4.5328213377168968E+093   1.5062983477866347E+098
   6.4500000000000002        1.8244605884310511E+094   6.0628508498412045E+098
   6.4600000000000000        7.3548567471126746E+094   2.4440867488422361E+099
   6.4699999999999998        2.9695234116467419E+095   9.8680002484505260E+099
   6.4800000000000004        1.2008010295846510E+096   3.9903726004671809E+100
   6.4900000000000002        4.8632441698178347E+096   1.6161009031892083E+101
   6.5000000000000000        1.9726534163823596E+097   6.5553092885612233E+101
   6.5099999999999998        8.0139045040533351E+097   2.6630943984779973E+102
   6.5200000000000005        3.2606573950867002E+098   1.0835465333807352E+103
   6.5300000000000002        1.3287178884978304E+099   4.4154521235264966E+103
   6.5400000000000000        5.4228298824317716E+099   1.8020563979142513E+104
   6.5499999999999998        2.2165817144439861E+100   7.3659055264745006E+104
   6.5600000000000005        9.0741313935050692E+100   3.0154175749004995E+105
   6.5700000000000003        3.7203938713370779E+101   1.2363212057092045E+106
   6.5800000000000001        1.5276867334177873E+102   5.0766439509434209E+106
   6.5899999999999999        6.2826116911806510E+102   2.0877698248254818E+107
   6.6000000000000005        2.5876506903050309E+103   8.5990019659999516E+107
   6.6100000000000003        1.0674059097508253E+104   3.5470883109749793E+108
   6.6200000000000001        4.4097206646580960E+104   1.4653908584715388E+109
   6.6299999999999999        1.8245219250022878E+105   6.0630546769259913E+109
   6.6400000000000006        7.5603627267282279E+105   2.5123782817512076E+110
   6.6500000000000004        3.1375505315922152E+106   1.0426369869267514E+111
   6.6600000000000001        1.3040444396930143E+107   4.3334599769143095E+111
   6.6699999999999999        5.4280849802221728E+107   1.8038027153905814E+112
   6.6799999999999997        2.2628329261301180E+108   7.5196025697844836E+112
   6.6900000000000004        9.4473274665932400E+108   3.1394340728850222E+113
   6.7000000000000002        3.9501637969692989E+109   1.3126758717250501E+114
   6.7100000000000000        1.6541310899808940E+110   5.4968302128486471E+114
   6.7199999999999998        6.9370122586073750E+110   2.3052331705134014E+115
   6.7300000000000004        2.9135451486150956E+111   9.6819793161562825E+115
   6.7400000000000002        1.2255099281362250E+112   4.0724825498582369E+116
   6.7500000000000000        5.1624605722738470E+112   1.7155332741277823E+117
   6.7599999999999998        2.1779130539280290E+113   7.2374060002265811E+117
   6.7700000000000005        9.2016826528459188E+113   3.0578040350957291E+118
   6.7800000000000002        3.8934619724854296E+114   1.2938333323498809E+119
   6.7900000000000000        1.6498545108407015E+115   5.4826187458326197E+119
   6.7999999999999998        7.0015700803802244E+115   2.3266863302627173E+120
   6.8100000000000005        2.9756672841615947E+116   9.8884169036165484E+120
   6.8200000000000003        1.2665183878212789E+117   4.2087574446017934E+121
   6.8300000000000001        5.3985346280882018E+117   1.7939828607615141E+122
   6.8399999999999999        2.3044994693651507E+118   7.6580643368757134E+122
   6.8500000000000005        9.8517352315360199E+118   3.2738225040143670E+123
   6.8600000000000003        4.2177741460013592E+119   1.4016052595311509E+124
   6.8700000000000001        1.8083706650980826E+120   6.0093825502398095E+124
   6.8799999999999999        7.7646915432648924E+120   2.5802786325092180E+125
   6.8900000000000006        3.3388173636039030E+121   1.1095198119789636E+126
   6.9000000000000004        1.4377782272019314E+122   4.7778696903344134E+126
   6.9100000000000001        6.2004186048083284E+122   2.0604563039567152E+127
   6.9199999999999999        2.6778057849515964E+123   8.8985956627130631E+127
   6.9299999999999997        1.1581510019915656E+124   3.8486426241233997E+128
   6.9400000000000004        5.0162415273759665E+124   1.6669433365734474E+129
   6.9500000000000002        2.1757947624993258E+125   7.2303667223873297E+129
   6.9600000000000000        9.4511084996064460E+125   3.1406905450369955E+130
   6.9699999999999998        4.1112321973288035E+126   1.3662003870910933E+131
   6.9800000000000004        1.7909555259613594E+127   5.9515104362655748E+131
   6.9900000000000002        7.8130434820064310E+127   2.5963464278208568E+132
   7.0000000000000000        3.4133233712015594E+128   1.1342788456542367E+133
   7.0099999999999998        1.4933289749006824E+129   4.9624699497372860E+133
   7.0200000000000005        6.5426475712836119E+129   2.1741821467286481E+134
   7.0300000000000002        2.8705866219006851E+130   9.5392241687719420E+134
   7.0400000000000000        1.2612639969976136E+131   4.1912966191541723E+135
   7.0499999999999998        5.5495615867894987E+131   1.8441705124278355E+136
   7.0600000000000005        2.4452755741791236E+132   8.1258763203851509E+136
   7.0700000000000003        1.0789778471065383E+133   3.5855429263699473E+137
   7.0800000000000001        4.7677333619020139E+133   1.5843617805897207E+138
   7.0899999999999999        2.1097220126416418E+134   7.0108008791095140E+138
   7.1000000000000005        9.3487056685182750E+134   3.1066611395554030E+139
   7.1100000000000003        4.1484881404049841E+135   1.3785808806777102E+140
   7.1200000000000001        1.8434844173924648E+136   6.1260687885115740E+140
   7.1299999999999999        8.2035056573964692E+136   2.7261006108876505E+141
   7.1400000000000006        3.6556872085773011E+137   1.2148185847268094E+142
   7.1500000000000004        1.6313504168276207E+138   5.4211279343433874E+142
   7.1600000000000001        7.2900971751984295E+138   2.4225665456597011E+143
   7.1699999999999999        3.2623184859012977E+139   1.0840985291827160E+144
   7.1799999999999997        1.4619264714945184E+140   4.8581165339000461E+144
   7.1900000000000004        6.5603950408316525E+140   2.1800797945876456E+145
   7.2000000000000002        2.9480775214737237E+141   9.7967335769282315E+145
   7.2100000000000000        1.3266348846631755E+142   4.4085301096177043E+146
   7.2199999999999998        5.9781484490134333E+142   1.9865938806464776E+147
   7.2300000000000004        2.6976394876173109E+143   8.9645048864172316E+147
   7.2400000000000002        1.2189958434670725E+144   4.0508356455497857E+148
   7.2500000000000000        5.5159561916885028E+144   1.8330031296112779E+149
   7.2599999999999998        2.4994176493588534E+145   8.3057954310511051E+149
   7.2700000000000005        1.1341107583965796E+146   3.7687546768394375E+150
   7.2800000000000002        5.1531157584644586E+146   1.7124279062889196E+151
   7.2900000000000000        2.3446676701013281E+147   7.7915469736145838E+151
   7.2999999999999998        1.0682892071899177E+148   3.5500235898531443E+152
   7.3100000000000005        4.8740695078039987E+148   1.6196982628704972E+153
   7.3200000000000003        2.2268405063779522E+149   7.3999964384895846E+153
   7.3300000000000001        1.0187795316679132E+150   3.3854983706089854E+154
   7.3399999999999999        4.6672837294536259E+150   1.5509814410352408E+155
   7.3500000000000005        2.1411164108868507E+151   7.1151273607491682E+155
   7.3600000000000003        9.8357535125114700E+151   3.2685116313441490E+156
   7.3700000000000001        4.5244466157552764E+152   1.5035153504183085E+157
   7.3799999999999999        2.0840732223822743E+153   6.9255675828643334E+157
   7.3900000000000006        9.6127877382382435E+153   3.1944180475961731E+158
   7.4000000000000004        4.4399063365987876E+154   1.4754218357334829E+159
   7.4100000000000001        2.0534566806769394E+155   6.8238259902673581E+159
   7.4199999999999999        9.5100712523850769E+155   3.1602844117425694E+160
   7.4299999999999997        4.4102955432935781E+156   1.4655818959456164E+161
   7.4400000000000004        2.0480309929169549E+157   6.8057959292974563E+161
   7.4500000000000002        9.5233441170638415E+157   3.1646951071233182E+162
   7.4600000000000000        4.4343071045078508E+158   1.4735611592542948E+163
   7.4699999999999998        2.0674956874767856E+159   6.8704789050231475E+163
   7.4800000000000004        9.6526204909072418E+159   3.2076548387826823E+164
   7.4900000000000002        4.5126000794991354E+160   1.4995786371309037E+165
   7.5000000000000000        2.1124609122155319E+161   7.0199024950690426E+165
   7.5099999999999998        9.9021605260103079E+161   3.2905792945636135E+166
   7.5200000000000005        4.6478265968960883E+162   1.5445156563857958E+167
   7.5300000000000002        2.1844785005411618E+163   7.2592235850132404E+167
   7.5400000000000000        1.0280701943171842E+164   3.4163720996968564E+168
   7.5499999999999998        4.8447807907197302E+164   1.6099653519821437E+169
   7.5600000000000005        2.2861309356208730E+165   7.5970240046657403E+169
   7.5700000000000003        1.0801968670808620E+166   3.5895938422045609E+170
   7.5800000000000001        5.1106814273763285E+166   1.6983265865930335E+171
   7.5899999999999999        2.4211853262195361E+167   8.0458222039844957E+171
   7.6000000000000005        1.1485497891253921E+168   3.8167369080151450E+172
   7.6100000000000003        5.4556114983456122E+168   1.8129500313071935E+173
   7.6200000000000001        2.5948252189006318E+169   8.6228435864048416E+173
   7.6299999999999999        1.2357855105014260E+170   4.1066292580253048E+174
   7.6400000000000006        5.8931521532036758E+170   1.9583488274208175E+175
   7.6500000000000004        2.8139801531547557E+171   9.3511156509344047E+175
   7.6600000000000001        1.3454342607271172E+172   4.4710021706030118E+176
   7.6699999999999999        6.4412665232310737E+172   2.1404922891761914E+177
   7.6799999999999997        3.0877821395738958E+173   1.0260984911238366E+178
   7.6900000000000004        1.4821354269954696E+174   4.9252727573944159E+178
   7.7000000000000002        7.1235133959969776E+174   2.3672092190226916E+179
   7.7100000000000000        3.4281908218235459E+175   1.1392194366546703E+180
   7.7199999999999998        1.6519594522662209E+176   5.4896136603796916E+180
   7.7300000000000004        7.9707043571845135E+176   2.6487385911332013E+181
   7.7400000000000002        3.8508465425647680E+177   1.2796718318412279E+182
   7.7500000000000000        1.8628470149657065E+178   6.1904124865319390E+182
   7.7599999999999998        9.0231652287401417E+178   2.9984810481639079E+183
   7.7700000000000005        4.3762351359389673E+179   1.4542633083594957E+184
   7.7800000000000002        2.1252091878903606E+180   7.0622661912208008E+184
   7.7900000000000000        1.0333829676116880E+181   3.4340269354811142E+185
   7.7999999999999998        5.0312833235594058E+181   1.6719418642123671E+186
   7.8100000000000005        2.4527506202352114E+182   8.1507165880352911E+186
   7.8200000000000003        1.1972488965023121E+183   3.9785685345347267E+187
   7.8300000000000001        5.8515539816550491E+183   1.9445253712538481E+188
   7.8399999999999999        2.8636042297724403E+184   9.5160210355735161E+188
   7.8500000000000005        1.4031660725884958E+185   4.6628503074310222E+189
   7.8600000000000003        6.8842835436373066E+185   2.2877109320833453E+190
   7.8700000000000001        3.3819042908118267E+186   1.1238379953859432E+191
   7.8799999999999999        1.6634741730430676E+187   5.5278781398046091E+191
   7.8900000000000006        8.1926103022371038E+187   2.7224799838537696E+192
   7.9000000000000004        4.0399809552906737E+188   1.3425229420378904E+193
   7.9100000000000001        1.9947405966747700E+189   6.6287070263120828E+193
   7.9199999999999999        9.8614988248108929E+189   3.2770670361330360E+194
   7.9300000000000006        4.8814419182813925E+190   1.6221481828858531E+195
   7.9400000000000004        2.4193646507482151E+191   8.0397719314280063E+195
   7.9500000000000002        1.2006097079338019E+192   3.9897368209711494E+196
   7.9600000000000000        5.9655294862960768E+192   1.9824004829200400E+197
   7.9699999999999998        2.9678509194322979E+193   9.8624424025271964E+197
   7.9800000000000004        1.4783607392422139E+194   4.9127291217588597E+198
   7.9900000000000002        7.3733241869705407E+194   2.4502236494772316E+199
   8.0000000000000000        3.6820537658684126E+195   1.2235804349576918E+200
   8.0099999999999998        1.8410268829342066E+196   6.1179021747884601E+200
   8.0199999999999996        9.2166408326893700E+196   3.0627747762534734E+201
   8.0299999999999994        4.6198412173855464E+197   1.5352158565970529E+202
   8.0400000000000009        2.3185828109753710E+198   7.7048645802964575E+202
   8.0500000000000007        1.1650878625151237E+199   3.8716944515989703E+203
   8.0600000000000005        5.8618483082792167E+199   1.9479462709607322E+204
   8.0700000000000003        2.9529060852956557E+200   9.8127793399646863E+204
   8.0800000000000001        1.4893720067709963E+201   4.9493205795946894E+205
   8.0899999999999999        7.5213286341935309E+201   2.4994068926953181E+206
   8.0999999999999996        3.8029717906641026E+202   1.2637626101190700E+207
   8.1099999999999994        1.9252544690237023E+203   6.3977982137277917E+207
   8.1200000000000010        9.7586335898638902E+203   3.2428839695832746E+208
   8.1300000000000008        4.9525065468559229E+204   1.6457636145635118E+209
   8.1400000000000006        2.5164923891211660E+205   8.3625363665008430E+209
   8.1500000000000004        1.2802655029653935E+206   4.2544403764573044E+210
   8.1600000000000001        6.5213524057299724E+206   2.1671055667579399E+211
   8.1699999999999999        3.3258897269222861E+207   1.1052238390465492E+212
   8.1799999999999997        1.6982824418096922E+208   5.6435492281314404E+212
   8.1899999999999995        8.6824689837520484E+208   2.8852645428821990E+213
   8.1999999999999993        4.4443388110580815E+209   1.4768947878878254E+214
   8.2100000000000009        2.2777236406672660E+210   7.5690857879251037E+214
   8.2200000000000006        1.1687569431173908E+211   3.8838871449290698E+215
   8.2300000000000004        6.0044887952655959E+211   1.9953470207073090E+216
   8.2400000000000002        3.0885589240647403E+212   1.0263566237763223E+217
   8.2500000000000000        1.5906078458933414E+213   5.2857366124480594E+217
   8.2599999999999998        8.2015717053875413E+213   2.7254579407935313E+218
   8.2699999999999996        4.2340613929063174E+214   1.4070176619346604E+219
   8.2799999999999994        2.1884804824584522E+215   7.2725225401247748E+219
   8.2900000000000009        1.1325386496722491E+216   3.7635304145145692E+220
   8.3000000000000007        5.8679658786143407E+216   1.9499791960203614E+221
   8.3100000000000005        3.0440072995311893E+217   1.0115517079355624E+222
   8.3200000000000003        1.5809812911940111E+218   5.2537466830903265E+222
   8.3300000000000001        8.2211027142088589E+218   2.7319482752069701E+223
   8.3399999999999999        4.2801116005849871E+219   1.4223205707796286E+224
   8.3499999999999996        2.2310081718049239E+220   7.4138459751888155E+224
   8.3599999999999994        1.1643073896606947E+221   3.8691008683016616E+225
   8.3700000000000010        6.0835061109771283E+221   2.0216052036876178E+226
   8.3800000000000008        3.1824341343049104E+222   1.0575522221790852E+227
   8.3900000000000006        1.6667998778421971E+223   5.5389297636629600E+227
   8.4000000000000004        8.7402818594350210E+223   2.9044762948207640E+228
   8.4100000000000001        4.5886479762033855E+224   1.5248500547809011E+229
   8.4199999999999999        2.4119080924919047E+225   8.0149931004421096E+229
   8.4299999999999997        1.2692666336738648E+226   4.2178901191076604E+230
   8.4399999999999995        6.6874485761691754E+226   2.2223008565048482E+231
   8.4499999999999993        3.5276291239292389E+227   1.1722637018063072E+232
   8.4600000000000009        1.8630291310751290E+228   6.1910176751645584E+232
   8.4700000000000006        9.8507665305597461E+228   3.2735005957432605E+233
   8.4800000000000004        5.2147495321150661E+229   1.7329093778715893E+234
   8.4900000000000002        2.7638172520209846E+230   9.1844197027194190E+234
   8.5000000000000000        1.4665505293536348E+231   4.8734827047554927E+235
   8.5099999999999998        7.7910496871911841E+231   2.5890376869013549E+236
   8.5199999999999996        4.1438645523748106E+232   1.3770444197206582E+237
   8.5299999999999994        2.2066078741395868E+233   7.3327615350125030E+237
   8.5400000000000009        1.1763978229006668E+234   3.9092784933535405E+238
   8.5500000000000007        6.2790233797323095E+234   2.0865773958274527E+239
   8.5600000000000005        3.3553531185444524E+235   1.1150147958952949E+240
   8.5700000000000003        1.7951139184212819E+236   5.9653291580398279E+240
   8.5800000000000001        9.6150789255439944E+236   3.1951794302750829E+241
   8.5899999999999999        5.1560860738229653E+237   1.7134149694850130E+242
   8.5999999999999996        2.7681737108837050E+238   9.1988966174226616E+242
   8.6099999999999994        1.4878933695999908E+239   4.9444069318646799E+243
   8.6200000000000010        8.0067261951599519E+239   2.6607089802096811E+244
   8.6300000000000008        4.3136237376424237E+240   1.4334569630879655E+245
   8.6400000000000006        2.3266608034908827E+241   7.7317084946557150E+245
   8.6500000000000004        1.2563968338850763E+242   4.1751225871140868E+246
   8.6600000000000001        6.7923953831911934E+242   2.2571756486585530E+247
   8.6699999999999999        3.6763840011522337E+243   1.2216963198364416E+248
   8.6799999999999997        1.9921405806243667E+244   6.6200669331137175E+248
   8.6899999999999995        1.0807362649887186E+245   3.5913863112141916E+249
   8.7000000000000011        5.8697488392199760E+245   1.9505716902782074E+250
   8.7100000000000009        3.1916759313258631E+246   1.0606233565887754E+251
   8.7200000000000006        1.7374685851155166E+247   5.7737683974301482E+251
   8.7300000000000004        9.4692037888795670E+247   3.1467037765994298E+252
   8.7400000000000002        5.1666343173074132E+248   1.7169202481070643E+253
   8.7500000000000000        2.8222739958291752E+249   9.3786768552848368E+253
   8.7599999999999998        1.5434310914690801E+250   5.1289639052338953E+254
   8.7699999999999996        8.4502852257932111E+250   2.8081077381155577E+255
   8.7799999999999994        4.6318125893879036E+251   1.5391940539545900E+256
   8.7900000000000009        2.5417071584266121E+252   8.4463273710758094E+256
   8.8000000000000007        1.3963503701606195E+253   4.6402010994847750E+257
   8.8100000000000005        7.6799270358834091E+253   2.5521106047166258E+258
   8.8200000000000003        4.2287598241333020E+254   1.4052559017220920E+259
   8.8300000000000001        2.3311038530534826E+255   7.7464731582430336E+259
   8.8399999999999999        1.2864779389038908E+256   4.2750848742053743E+260
   8.8499999999999996        7.1077906124439958E+256   2.3619843929984689E+261
   8.8599999999999994        3.9314966825080852E+257   1.3064726173772777E+262
   8.8700000000000010        2.1770662879388517E+258   7.2345921187266766E+262
   8.8800000000000008        1.2069111233761010E+259   4.0106770058191007E+263
   8.8900000000000006        6.6983567347373603E+259   2.2259257382296004E+264
   8.9000000000000004        3.7217744607384455E+260   1.2367799883038219E+265
   8.9100000000000001        2.0702370437857601E+261   6.8795886849400067E+265
   8.9199999999999999        1.1528632537581953E+262   3.8310709489259670E+266
   8.9299999999999997        6.4272126397019383E+262   2.1358220540262262E+267
   8.9399999999999995        3.5871880545336446E+263   1.1920556839033874E+268
   8.9500000000000011        2.0043413254706737E+264   6.6606111338101759E+268
   8.9600000000000009        1.1211784289351581E+265   3.7257793529750673E+269
   8.9700000000000006        6.2785992020368859E+265   2.0864364376660382E+270
   8.9800000000000004        3.5199396776419301E+266   1.1697084278665229E+271
   8.9900000000000002        1.9755661440765329E+267   6.5649885514008592E+271
   9.0000000000000000        1.1100212272030016E+268   3.6887029423183571E+272
